1.1 1
1.2 2
1.3 3
1.4 4
1.5 5
1.6 6
2.1 7
2.2 8
2.3 9
2.4 10
2.5 11
2.6 12
3.1 13

3.2 21
3.3 22
3.4 23
3.5 24
3.6 25
4.1 26
4.2 27

4.3 31
4.4 32
4.5 33
4.6 34
5.1 35
5.2 36
5.3 37
5.4 38

5.5 41
5.6 42
6.1 43
6.2 44
6.3 45
6.4 46
6.5 47
6.6 48

7.1 51
7.2 52
7.3 53
7.4 54
7.5 55
7.6 56
8.1 57
8.2 58
8.3 59

8.4 61
8.5 62
8.6 63
9.1 64
9.2 65
9.3 66
9.4 67
9.5 - unused
9.6 - unused

10.1 71
10.2 72
10.3 73
10.4 74
10.5 75
10.6 76

11.1 81
11.2 82
11.3 83
11.4 84
11.5 85
11.6 86
12.1 87
12.2 88

12.3 91
12.4 92
12.5 93
12.6 94

13.1 95
13.2 96
13.3 97
13.4 98

13.5 101
13.6 102
14.1 103
14.2 104
14.3 105
14.4 106
14.5 107
14.6 108
